,property,mirantis,mozilla,openstack,wikimedia
0,URL,0.00040209142219224117,0.009844716185954797,0.48543112925857657,0.0007954919337891948
1,File,2.563644542494432e-06,1.3408350635876058e-05,2.0457109500064758e-05,1.494848588905152e-07
2,Lines_of_code,7.613315787832636e-09,2.212814067407271e-26,1.095378609675525e-25,1.4033046465759788e-14
3,Require,1.0883345336130642e-05,6.065062162149549e-07,9.959574560313114e-08,5.958590413855632e-08
4,Ensure,4.362637972477891e-06,0.02293818411749186,1.5047219944455381e-12,1.6644284773149107e-06
5,Include,0.00014394689193644053,2.9488000838199875e-11,3.2842330509352736e-13,1.0747682493828866e-08
6,Attribute,4.9528503142240916e-08,1.231161877789486e-17,5.485915319181543e-29,1.143908603543697e-12
7,Hard_coded_string,1.7321501953287228e-10,1.2083179682255005e-17,6.729601039026964e-33,2.026924245574654e-16
8,Comment,1.9042069233839688e-05,0.2325306798088056,0.4371198939676074,0.00045433622431615317
9,Command,5.6929241615416886e-05,1.434905873355392e-07,0.00020815149895778514,0.00029870081097749365
10,File_mode,9.927870138382922e-08,4.176663247182992e-10,0.0001591028376842597,2.768746542431537e-06
11,SSH_KEY,3.8024304555408804e-07,4.176663247182992e-10,0.00015441478834133857,1.7641282762756102e-06
